kinematics:
  shoulder:
    x: 0
    y: 0
    z: 0.1808024171891661
    roll: -0
    pitch: 0
    yaw: -3.122354117687798e-07
  upper_arm:
    x: 3.853701580131395e-05
    y: 0
    z: 0
    roll: 1.570311293890482
    pitch: 0
    yaw: -1.607286028271204e-06
  forearm:
    x: -0.6124609421688403
    y: 0
    z: 0
    roll: 3.14155764818543
    pitch: 3.141195704664886
    yaw: 3.141591135433477
  wrist_1:
    x: -0.57123659202664
    y: -0.001065768582582848
    z: 0.174626210607114
    roll: 0.006103066352230006
    pitch: -3.382461058263344e-05
    yaw: -3.022592536062582e-06
  wrist_2:
    x: -3.354277443872541e-05
    y: -0.1197516535257466
    z: 0.0001334479235483429
    roll: 1.569681954973049
    pitch: 0
    yaw: 1.843611806620626e-07
  wrist_3:
    x: -2.887800718741718e-05
    y: 0.1155901295764128
    z: 5.533886711663134e-05
    roll: 1.57127507755927
    pitch: 3.141592653589793
    yaw: -3.141592539574611
  hash: calib_7791249639452159996