kinematics:
  shoulder:
    x: 0
    y: 0
    z: 0.1809162742811452
    roll: -0
    pitch: 0
    yaw: 2.196799009017251e-07
  upper_arm:
    x: -3.549042554852823e-05
    y: 0
    z: 0
    roll: 1.570272756758634
    pitch: 0
    yaw: -4.915876729688349e-06
  forearm:
    x: -0.6124764961129637
    y: 0
    z: 0
    roll: 0.0007790614402706192
    pitch: -8.289472251409033e-05
    yaw: -3.13243267372726e-06
  wrist_1:
    x: -0.5717426297313952
    y: 0.0003311625978085983
    z: 0.174487304168564
    roll: 3.139694737854541
    pitch: -3.140173058972582
    yaw: 3.141592632798091
  wrist_2:
    x: -0.0001074932676438816
    y: -0.1198923446141827
    z: 0.0001384322025716895
    roll: 1.569641689761994
    pitch: 0
    yaw: -2.610510967965968e-07
  wrist_3:
    x: -7.102774610626586e-06
    y: 0.1155775870917573
    z: 0.0001584476123524088
    roll: 1.572167245820602
    pitch: 3.141592653589793
    yaw: -3.141592632477176
  hash: calib_5127384902219538040