kinematics:
  shoulder:
    x: 0
    y: 0
    z: 0.1809911992798026
    roll: -0
    pitch: 0
    yaw: 1.136437132333691e-07
  upper_arm:
    x: -8.13986177116979e-05
    y: 0
    z: 0
    roll: 1.570982469502164
    pitch: 0
    yaw: 3.865823600840615e-06
  forearm:
    x: -0.6125918577143334
    y: 0
    z: 0
    roll: 3.138974679563327
    pitch: 3.139236128535583
    yaw: -3.141587251185128
  wrist_1:
    x: -0.5712019966941972
    y: 0.0003713775566011055
    z: 0.1744083885527135
    roll: 3.139463300762273
    pitch: 3.141196452169835
    yaw: 3.141590443644422
  wrist_2:
    x: 5.93759033411825e-05
    y: -0.1198923082299315
    z: -1.875629072207918e-05
    roll: 1.570952769613005
    pitch: 0
    yaw: -2.28136593495229e-06
  wrist_3:
    x: -7.256182426231866e-05
    y: 0.1156107623016427
    z: -6.885081374284126e-06
    roll: 1.570736772811953
    pitch: 3.141592653589793
    yaw: 3.141592599683876
  hash: calib_10831081820046803218